4,3
4,2
4,1
4,0
3,6
3,5
3,4
3,3
3,2
3,1
3,0
2,3
2,2
2,1
2,0
1,3
1,2
1,1
1,0
0,315
0,312
0,243
16,1
16,3
16,0
0,9
0,310
0,305
0,308
0,304
0,303
0,302
0,307
0,12
0,10
0,8
0,0
0,452
0,300
0,451
0,299
0,326
0,298
0,379
0,297
0,376
0,296
0,469
0,295
0,486
0,294
0,398
0,293
0,316
0,292
0,479
0,291
0,472
0,290
0,311
0,289
0,468
0,288
0,386
0,287
0,391
0,286
0,462
0,285
0,473
0,284
0,385
0,283
0,475
0,282
0,382
0,281
0,413
0,280
0,309
0,279
0,480
0,278
0,325
0,277
0,456
0,276
0,275
0,374
0,274
0,381
0,273
0,418
0,272
0,490
0,271
0,478
0,270
0,324
0,269
0,506
0,268
0,505
0,267
0,367
0,266
0,461
0,265
0,397
0,264
0,460
0,263
0,408
0,262
0,366
0,261
0,390
0,260
0,401
0,259
0,407
0,258
0,510
0,257
0,361
0,256
0,406
0,255
0,389
0,254
0,405
0,253
0,360
0,252
0,314
0,251
0,503
0,250
0,477
0,249
0,498
0,248
0,369
0,247
0,396
0,246
0,404
0,245
0,373
0,244
0,496
0,242
0,412
0,241
0,321
0,240
0,384
0,239
0,471
0,238
0,400
0,237
0,494
0,236
0,466
0,235
0,483
0,234
0,306
0,233
0,449
0,232
0,495
0,231
0,403
0,230
0,467
0,229
0,402
0,228
0,501
0,227
0,388
0,226
0,409
0,225
0,411
0,224
0,378
0,223
0,509
0,222
0,417
0,221
0,481
0,220
0,301
0,219
0,493
0,218
0,399
0,217
0,500
0,216
0,459
0,215
0,485
0,214
0,410
0,213
0,489
0,212
0,465
0,211
0,492
0,210
0,323
0,209
0,458
0,208
0,387
0,207
0,487
0,206
0,499
0,205
0,491
0,204
0,484
0,203
0,474
0,202
0,497
0,201
0,317
0,200
0,416
0,199
0,395
0,198
0,508
0,197
0,454
0,196
0,453
0,195
0,328
0,194
0,482
0,193
